A: 5.963600814843386e-12
B: 3.0790017613480806e-08
Area: 7.9
Length: 0.9626
Porosity: 0.85
Channel_height: 0.0008636000000000001
