{"model_encoding": {"S_su": {"attr": {"x_data_columns": ["inf_fr", "temp", "hrt"], "x_data": [[9.62, 24.21, 9.97], [7.6, 29.05, 9.24], [9.06, 27.98, 3.67], [6.71, 27.84, 4.3], [5.36, 27.03, 11.82], [7.09, 24.66, 6.14], [6.31, 30.7, 9.3], [5.55, 31.95, 7.72], [7.79, 31.75, 11.08], [9.87, 32.81, 2.91], [6.06, 22.9, 4.9], [8.25, 29.43, 2.38], [9.41, 33.07, 4.37], [5.94, 34.29, 7.05], [5.16, 25.28, 8.6], [6.99, 34.67, 5.63], [8.78, 26.17, 10.5], [8.25, 22.25, 1.18], [7.34, 23.58, 6.97], [8.52, 30.11, 1.71]], "x_data_min": [[5.16, 22.25, 1.18]], "x_data_max": [[9.87, 34.67, 11.82]], "x_data_scaled": [[0.9469214437367304, 0.15780998389694045, 0.8261278195488723], [0.5180467091295117, 0.5475040257648953, 0.7575187969924813], [0.8280254777070066, 0.4613526570048309, 0.23402255639097744], [0.3290870488322718, 0.45008051529790655, 0.2932330827067669], [0.04246284501061576, 0.3848631239935588, 1.0], [0.40976645435244163, 0.1940418679549114, 0.46616541353383456], [0.24416135881104029, 0.6803542673107889, 0.7631578947368421], [0.08280254777070059, 0.7809983896940417, 0.6146616541353384], [0.5583864118895967, 0.7648953301127213, 0.9304511278195489], [1.0, 0.8502415458937199, 0.162593984962406], [0.19108280254777063, 0.052334943639291344, 0.349624060150376], [0.6560509554140128, 0.5780998389694041, 0.11278195488721804], [0.902335456475584, 0.8711755233494363, 0.299812030075188], [0.16560509554140135, 0.9694041867954909, 0.5516917293233082], [0.0, 0.2439613526570049, 0.6973684210526315], [0.38853503184713384, 1.0, 0.4182330827067669], [0.7685774946921443, 0.3156199677938809, 0.8759398496240601], [0.6560509554140128, 0.0, 0.0], [0.46284501061571126, 0.10708534621578085, 0.5441729323308271], [0.713375796178344, 0.6328502415458935, 0.04981203007518797]], "optimal_weights": [0.001, 0.00553443932868775, 9.23640489712653], "optimal_p": 2, "optimal_mean": [[10.708718582459415]], "optimal_variance": [[186.46010401001558]], "regularization_parameter": 1.000000000001e-06, "optimal_covariance_matrix": [[1.000001, 0.9564736986819766, 0.039214734401872335, 0.07252824593624756, 0.7555313048545577, 0.3020738120877868, 0.9621072359328168, 0.6597270638439308, 0.9023852503616551, 0.017090468154130675, 0.12272459883379011, 0.009085089939337503, 0.0771981856441746, 0.49663631006467207, 0.8572137849331299, 0.21417262433781506, 0.9771771156614816, 0.00182906510623783, 0.47973114604615735, 0.003818977546471987], [0.9564736986819766, 1.000001, 0.07955088871002011, 0.13654528180839778, 0.5807431444635481, 0.4562328458941836, 0.9995337048616473, 0.8277954202460109, 0.7584462647321234, 0.03801283583660425, 0.21476743015664887, 0.02150511002409431, 0.14432138840052694, 0.6754287383398885, 0.9663818395079434, 0.34493584736582034, 0.8781942222907715, 0.0049823782469469785, 0.6560718359401434, 0.009792667352117389], [0.039214734401872335, 0.07955088871002011, 1.000001, 0.9678952316519608, 0.004427827115333782, 0.6075486092934883, 0.075271490166288, 0.26201652015242616, 0.011329369834968416, 0.9531422809117884, 0.8827050219291968, 0.8729530167161982, 0.9599130497556342, 0.392999415401559, 0.137531085087282, 0.7296264185255716, 0.02223575141725951, 0.6022674553325028, 0.41094010034030887, 0.730811563041345], [0.07252824593624756, 0.13654528180839778, 0.9678952316519608, 1.000001, 0.009913380965990084, 0.7583657641367012, 0.13003264079467802, 0.38483595045012664, 0.023493909037166655, 0.8530218349660378, 0.9701875875355881, 0.7401080757264957, 0.9982916995811564, 0.5387415889599014, 0.22115694026663893, 0.8641611266858, 0.043435056360918094, 0.4513888011065201, 0.5586160604195366, 0.5783218537458056], [0.7555313048545577, 0.5807431444635481, 0.004427827115333782, 0.009913380965990084, 1.000001, 0.07189696366582156, 0.5953341068602012, 0.2535121295638303, 0.9552880150755488, 0.0015351400339958673, 0.020090052933068172, 0.0006953651985480597, 0.01077725231554801, 0.1559465910527541, 0.4291126178650871, 0.04379215609321073, 0.8670049826083785, 9.731074467356401e-05, 0.14664678406143558, 0.0002387854898604243], [0.3020738120877868, 0.4562328458941836, 0.6075486092934883, 0.7583657641367012, 0.07189696366582156, 1.000001, 0.44218403828935654, 0.8140879954288092, 0.136308256594654, 0.4257435784452184, 0.8819615951428164, 0.3152724728365803, 0.7722990818235986, 0.9315095419588527, 0.6102343836994966, 0.9754892240669023, 0.21200566209288532, 0.13433293528142648, 0.9453029817748547, 0.20143471772337113], [0.9621072359328168, 0.9995337048616473, 0.075271490166288, 0.13003264079467802, 0.5953341068602012, 0.44218403828935654, 1.000001, 0.815661944529688, 0.7721026314030643, 0.03571837830497584, 0.20562412896765533, 0.02009822195352319, 0.1375740648795965, 0.6613304997124161, 0.9597416926414137, 0.33304745907972255, 0.8882551867703629, 0.004598129147537852, 0.6409569227070648, 0.009092629851079776], [0.6597270638439308, 0.8277954202460109, 0.26201652015242616, 0.38483595045012664, 0.2535121295638303, 0.8140879954288092, 0.815661944529688, 1.000001, 0.39799750445200643, 0.15130353216220155, 0.5211273579441875, 0.09758300040839485, 0.3999866542810289, 0.9638422786484224, 0.9372700539093677, 0.6999558225779233, 0.5314192265077313, 0.03040036028134835, 0.9526092301904185, 0.05247380640130102], [0.9023852503616551, 0.7584462647321234, 0.011329369834968416, 0.023493909037166655, 0.9552880150755488, 0.136308256594654, 0.7721026314030643, 0.39799750445200643, 1.000001, 0.004313256573422658, 0.04420403080554353, 0.002079755786545935, 0.02538615257307305, 0.26568916095718803, 0.604348101183747, 0.08859626185332298, 0.971798223470994, 0.00033560816095316463, 0.25143375330302775, 0.000774583212248271], [0.017090468154130675, 0.03801283583660425, 0.9531422809117884, 0.8530218349660378, 0.0015351400339958673, 0.4257435784452184, 0.03571837830497584, 0.15130353216220155, 0.004313256573422658, 1.000001, 0.7208893516447232, 0.9768268101789414, 0.8403621832951823, 0.24680930142266047, 0.07104118147549734, 0.5465609077398391, 0.009079884017900984, 0.7801256896449442, 0.259710252720837, 0.8888483479211077], [0.12272459883379011, 0.21476743015664887, 0.8827050219291968, 0.9701875875355881, 0.020090052933068172, 0.8819615951428164, 0.20562412896765533, 0.5211273579441875, 0.04420403080554353, 0.7208893516447232, 1.000001, 0.5946069628526878, 0.9732303884399884, 0.6826383807001563, 0.3272069159584909, 0.9526698358307014, 0.07736057034369544, 0.32327186375188083, 0.7049125199452586, 0.4350157888672681], [0.009085089939337503, 0.02150511002409431, 0.8729530167161982, 0.7401080757264957, 0.0006953651985480597, 0.3152724728365803, 0.02009822195352319, 0.09758300040839485, 0.002079755786545935, 0.9768268101789414, 0.5946069628526878, 1.000001, 0.7235195071887947, 0.16856977180535757, 0.042531526920794746, 0.42197176009531867, 0.0046088897713958184, 0.8875108375948308, 0.1790404952207947, 0.9640190969178849], [0.0771981856441746, 0.14432138840052694, 0.9599130497556342, 0.9982916995811564, 0.01077725231554801, 0.7722990818235986, 0.1375740648795965, 0.3999866542810289, 0.02538615257307305, 0.8403621832951823, 0.9732303884399884, 0.7235195071887947, 1.000001, 0.5562235789435214, 0.23158339081134466, 0.8781981870393011, 0.04653717996238538, 0.4340931796290976, 0.5741004672083008, 0.5612295022979681], [0.49663631006467207, 0.6754287383398885, 0.392999415401559, 0.5387415889599014, 0.1559465910527541, 0.9315095419588527, 0.6613304997124161, 0.9638422786484224, 0.26568916095718803, 0.24680930142266047, 0.6826383807001563, 0.16856977180535757, 0.5562235789435214, 1.000001, 0.8195890526951936, 0.8482614058066205, 0.3776393503084919, 0.059804853558392254, 0.99528526787587, 0.09754685492968548], [0.8572137849331299, 0.9663818395079434, 0.137531085087282, 0.22115694026663893, 0.4291126178650871, 0.6102343836994966, 0.9597416926414137, 0.9372700539093677, 0.604348101183747, 0.07104118147549734, 0.3272069159584909, 0.042531526920794746, 0.23158339081134466, 0.8195890526951936, 1.000001, 0.4853023893367072, 0.7444218904141405, 0.011191135353876131, 0.8048609203509859, 0.02076594457335515], [0.21417262433781506, 0.34493584736582034, 0.7296264185255716, 0.8641611266858, 0.04379215609321073, 0.9754892240669023, 0.33304745907972255, 0.6999558225779233, 0.08859626185332298, 0.5465609077398391, 0.9526698358307014, 0.42197176009531867, 0.8781981870393011, 0.8482614058066205, 0.4853023893367072, 1.000001, 0.14403171655841812, 0.19765584946638098, 0.8599205268643006, 0.28520518635325876], [0.9771771156614816, 0.8781942222907715, 0.02223575141725951, 0.043435056360918094, 0.8670049826083785, 0.21200566209288532, 0.8882551867703629, 0.5314192265077313, 0.971798223470994, 0.009079884017900984, 0.07736057034369544, 0.0046088897713958184, 0.04653717996238538, 0.3776393503084919, 0.7444218904141405, 0.14403171655841812, 1.000001, 0.0008355786373976127, 0.36168607046857737, 0.001828447771983649], [0.00182906510623783, 0.0049823782469469785, 0.6022674553325028, 0.4513888011065201, 9.731074467356401e-05, 0.13433293528142648, 0.004598129147537852, 0.03040036028134835, 0.00033560816095316463, 0.7801256896449442, 0.32327186375188083, 0.8875108375948308, 0.4340931796290976, 0.059804853558392254, 0.011191135353876131, 0.19765584946638098, 0.0008355786373976127, 1.000001, 0.06487949697500078, 0.9751757694428094], [0.47973114604615735, 0.6560718359401434, 0.41094010034030887, 0.5586160604195366, 0.14664678406143558, 0.9453029817748547, 0.6409569227070648, 0.9526092301904185, 0.25143375330302775, 0.259710252720837, 0.7049125199452586, 0.1790404952207947, 0.5741004672083008, 0.99528526787587, 0.8048609203509859, 0.8599205268643006, 0.36168607046857737, 0.06487949697500078, 1.000001, 0.10446506284776211], [0.003818977546471987, 0.009792667352117389, 0.730811563041345, 0.5783218537458056, 0.0002387854898604243, 0.20143471772337113, 0.009092629851079776, 0.05247380640130102, 0.000774583212248271, 0.8888483479211077, 0.4350157888672681, 0.9640190969178849, 0.5612295022979681, 0.09754685492968548, 0.02076594457335515, 0.28520518635325876, 0.001828447771983649, 0.9751757694428094, 0.10446506284776211, 1.000001]], "covariance_matrix_inverse": [[66058.58223552236, -91068.78285284204, 4973.832505033351, -9048.748028735208, 987.3261456178243, -15923.952655820722, 63580.07329527862, 42707.94661324284, 10370.903628707621, -2126.6922427552854, 6141.346806481766, 808.7198018638342, -1816.7849396491958, -34273.288120990306, -19427.273891223693, 14556.458277366544, -51461.965730642834, -574.9759854193087, 14854.05340795426, 774.7974722404413], [-91068.78285346896, 140047.56748266928, -8248.684000866288, 21314.089583749028, -2140.379309990342, 40574.48666322413, -102739.9906555382, -61597.062899316035, -11058.197962834847, 1869.2365104340684, -18336.48268800939, -1083.6378915213336, 3264.2792803637158, 53109.83246626676, 31277.248736976424, -28134.32094542702, 67893.6228379303, 807.0710536263101, -35040.183618993105, -848.4596306140535], [4973.832504851161, -8248.68400040686, 20172.603581384537, 2368.8475784850125, 51.461744982759974, 6890.668920633932, 4073.858296512448, 24642.47456281511, 26.785875623492394, -1762.1205571029059, -11347.459341721536, -10618.482697283216, -17397.293439673696, -27461.903902337144, -5496.693627928838, 17338.687694203552, -1996.0285392744986, -2089.8984516319288, -1969.4736570831506, 7829.434299887258], [-9048.748029481256, 21314.089584734887, 2368.847578147342, 27824.219055835867, -529.6278257979587, 37306.95372025492, -19431.78385392246, 1005.6150200611595, 171.82554966619892, -4231.997959099138, -29128.052427594088, -3547.864175984411, -6705.289128338697, 377.42988078145936, 6004.828129257123, -9002.228925464837, 5850.3440698310815, -1072.7008057679593, -23724.71813834358, 4148.221443339487], [987.3261456711186, -2140.37931005833, 51.461744999976, -529.6278257962856, 190.79055524711634, -1508.8718579688227, 2094.5489322312847, 528.3818471076366, -298.37783403592834, 83.12378484836411, 682.5736222152951, -14.866520710215811, -61.584972837273924, -634.6729401709873, -822.2842166122829, 599.6433855778259, -529.3809799221036, 0.3410997859336937, 1338.4457653361642, -9.911345478330245], [-15923.952657321375, 40574.48666525456, 6890.66892005717, 37306.95372035097, -1508.871857976431, 69217.10789296856, -40165.65423609662, 6189.637128631709, 1553.9984911367396, -8008.267699360282, -46409.55903610005, -4197.861299345392, -7490.647678339215, -1302.2450865946428, 12723.718761805483, -16322.28241744648, 10307.322222932744, -1513.100358220582, -47688.726337796805, 5663.438606930199], [63580.073296079, -102739.99065607892, 4073.858296930053, -19431.783853327197, 2094.5489321900277, -40165.654234820926, 79243.46633767606, 37681.81222773272, 6290.262766185732, -429.9898901958862, 19626.831636098923, 1489.074762567458, -525.1006838523372, -33591.09781603224, -23969.253423996273, 20844.496162942392, -47123.9022705803, -400.50964511802295, 33667.94978560754, -96.04682784408305], [42707.94661287228, -61597.06289808337, 24642.474562980755, 1005.6150210921862, 528.3818470461118, 6189.6371305368975, 37681.812226484435, 79536.15483287294, 4051.3244938382395, -278.3122073839259, -14179.732875002075, -10858.188300862186, -26323.699718861215, -75930.15090574426, -23662.196645344175, 36747.09876487009, -26917.362541801267, -1573.1758566490166, 1662.1626429995656, 6567.531138260726], [10370.903628537975, -11058.19796250627, 26.785875594974286, 171.82554978713054, -298.37783404561054, 1553.9984913724707, 6290.262765911428, 4051.3244937038953, 3224.606148110198, -723.3486472365578, -748.3520904912377, 494.6341151536611, 676.1478672625565, -2083.1216333322195, -763.9739895072681, -407.18882400355835, -9479.867292516145, -77.38027610104821, -1247.304858372551, 34.97082362018332], [-2126.692242650027, 1869.2365102942256, -1762.1205570230898, -4231.99795907581, 83.1237848488865, -8008.26769931551, -429.9898901138445, -278.3122072064868, -723.3486472209278, 6941.951458117624, 6789.235068523448, -2978.196529941349, -3213.865319898874, -1170.0528945773501, -908.180945078542, 4310.667570321707, 1945.4612451265734, 1273.5230397276687, 4554.167658273153, -1909.4087990214257], [6141.346807436721, -18336.48268938657, -11347.459341352007, -29128.052427768675, 682.5736222266621, -46409.55903630042, 19626.831637010226, -14179.732873771829, -748.35209036577, 6789.235068583414, 36811.230340016824, 6508.11058303387, 12245.166224240875, 12667.99224366492, -4384.770185487124, 3486.703661711213, -4351.650036246943, 1966.1226345421908, 29106.18197760951, -7074.512207659755], [808.7198020060599, -1083.637891813095, -10618.482697268159, -3547.864176162487, -14.866520702286282, -4197.861299630382, 1489.0747628091756, -10858.188300705478, 494.63411514947063, -2978.196529895078, 6508.110583216731, 9603.121049510522, 12743.44017466127, 13293.792491904556, 2080.0728271196226, -9920.871511630037, -1420.0825620391918, 841.9133654963576, 1648.1381723970194, -4873.728897593607], [-1816.7849394127181, 3264.2792798281635, -17397.29343967504, -6705.289128696915, -61.584972819652215, -7490.647678940652, -525.1006833837436, -26323.699718648168, 676.1478672423586, -3213.865319815333, 12245.166224628925, 12743.44017468054, 21945.50848500748, 30072.072492188556, 5847.504473142094, -19681.18100048591, -710.7009857835467, 1104.165015585776, 2419.442073441069, -6380.097235067068], [-34273.288120793506, 53109.83246533249, -27461.903902548598, 377.4298798214011, -634.6729401160906, -1302.2450883609824, -33591.09781501531, -75930.15090590592, -2083.1216334770347, -1170.0528944049988, 12667.992244835104, 13293.792492076267, 30072.072492439376, 76095.6053610144, 23128.281326221153, -40920.33623434301, 20041.796475319457, 1665.105195195638, -5629.935567826049, -7452.4723311611315], [-19427.273891472538, 31277.24873708076, -5496.693628101389, 6004.828128965651, -822.2842165945768, 12723.71876122193, -23969.253423914954, -23662.196645780637, -763.9739896086959, -908.180945033056, -4384.770185068927, 2080.072827224776, 5847.504473334088, 23128.281326570388, 11887.172703769129, -13805.223642091312, 12719.755476458204, 256.2473880516074, -11740.249899090013, -975.0503390521073], [14556.458277627135, -28134.3209454586, 17338.687694451583, -9002.228924997202, 599.6433855538397, -16322.282416567781, 20844.49616275787, 36747.098765384566, -407.1888238783345, 4310.667570235334, 3486.703661070441, -9920.871511784819, -19681.181000752425, -40920.33623474671, -13805.223642056048, 29718.420190701505, -7372.522685732613, -708.4841247966432, 14513.695636021108, 4176.9943401499995], [-51461.96573053969, 67893.62283732678, -1996.028539365763, 5850.3440692890135, -529.3809798816378, 10307.322221836317, -47123.902269898055, -26917.362541953273, -9479.867292626057, 1945.4612452007595, -4351.650035570105, -1420.0825619561292, -710.7009856520898, 20041.7964753526, 12719.755476235903, -7372.522685486954, 41931.54609270075, 368.20990752098635, -9524.070544989743, -246.44204176019718], [-574.9759853929703, 807.071053576286, -2089.898451616566, -1072.7008057878957, 0.34109978712992667, -1513.1003582520998, -400.50964507951943, -1573.175856605784, -77.3802761011962, 1273.523039734358, 1966.1226345572454, 841.9133654880058, 1104.1650155690772, 1665.1051951492059, 256.2473880322301, -708.4841247625137, 368.209907505803, 610.4358896907785, 639.2508587882044, -1513.96711311731], [14854.053409042768, -35040.18362041498, -1969.4736566661938, -23724.718138348777, 1338.4457653376905, -47688.72633767999, 33667.949786472695, 1662.1626443762907, -1247.30485818701, 4554.167658289049, 29106.181977390865, 1648.1381721909459, 2419.442073006524, -5629.935569085394, -11740.249899486838, 14513.69563661364, -9524.070545796874, 639.2508587629196, 34822.10746300792, -2586.6640553000843], [774.7974721190276, -848.4596303897662, 7829.434299839701, 4148.22144343578, -9.911345483325135, 5663.438607080635, -96.04682801698597, 6567.531138090108, 34.9708236181751, -1909.4087990504922, -7074.512207741843, -4873.728897570307, -6380.097235014655, -7452.4723309812325, -975.0503389702508, 4176.994340016228, -246.44204168658084, -1513.9671131192442, -2586.664055416106, 4757.63803549498]], "optimal_y_mu": [[-9.97763440071293], [-9.918679098417487], [-8.267999250327144], [-8.73969553885131], [-10.086545465178748], [-9.464073309658083], [-9.923971123025941], [-9.752470894787498], [-10.047720292622628], [-7.332518223966881], [-9.053732398979708], [-6.198119198199053], [-8.779245025798312], [-9.64903584530218], [-9.858458507177492], [-9.320397422435768], [-10.01355035191555], [2.164552249642316], [-9.637669500524288], [-3.2451549245178724]], "training_R2": 0.9999995712642091, "training_rmse": 0.0019041696866005046}, "map": {"x_data_columns": "list", "x_data": "numpy", "x_data_min": "numpy", "x_data_max": "numpy", "x_data_scaled": "numpy", "optimal_weights": "numpy", "optimal_p": "str", "optimal_mean": "numpy", "optimal_variance": "numpy", "regularization_parameter": "str", "optimal_covariance_matrix": "numpy", "covariance_matrix_inverse": "numpy", "optimal_y_mu": "numpy", "training_R2": "str", "training_rmse": "str"}}, "S_aa": {"attr": {"x_data_columns": ["inf_fr", "temp", "hrt"], "x_data": [[9.62, 24.21, 9.97], [7.6, 29.05, 9.24], [9.06, 27.98, 3.67], [6.71, 27.84, 4.3], [5.36, 27.03, 11.82], [7.09, 24.66, 6.14], [6.31, 30.7, 9.3], [5.55, 31.95, 7.72], [7.79, 31.75, 11.08], [9.87, 32.81, 2.91], [6.06, 22.9, 4.9], [8.25, 29.43, 2.38], [9.41, 33.07, 4.37], [5.94, 34.29, 7.05], [5.16, 25.28, 8.6], [6.99, 34.67, 5.63], [8.78, 26.17, 10.5], [8.25, 22.25, 1.18], [7.34, 23.58, 6.97], [8.52, 30.11, 1.71]], "x_data_min": [[5.16, 22.25, 1.18]], "x_data_max": [[9.87, 34.67, 11.82]], "x_data_scaled": [[0.9469214437367304, 0.15780998389694045, 0.8261278195488723], [0.5180467091295117, 0.5475040257648953, 0.7575187969924813], [0.8280254777070066, 0.4613526570048309, 0.23402255639097744], [0.3290870488322718, 0.45008051529790655, 0.2932330827067669], [0.04246284501061576, 0.3848631239935588, 1.0], [0.40976645435244163, 0.1940418679549114, 0.46616541353383456], [0.24416135881104029, 0.6803542673107889, 0.7631578947368421], [0.08280254777070059, 0.7809983896940417, 0.6146616541353384], [0.5583864118895967, 0.7648953301127213, 0.9304511278195489], [1.0, 0.8502415458937199, 0.162593984962406], [0.19108280254777063, 0.052334943639291344, 0.349624060150376], [0.6560509554140128, 0.5780998389694041, 0.11278195488721804], [0.902335456475584, 0.8711755233494363, 0.299812030075188], [0.16560509554140135, 0.9694041867954909, 0.5516917293233082], [0.0, 0.2439613526570049, 0.6973684210526315], [0.38853503184713384, 1.0, 0.4182330827067669], [0.7685774946921443, 0.3156199677938809, 0.8759398496240601], [0.6560509554140128, 0.0, 0.0], [0.46284501061571126, 0.10708534621578085, 0.5441729323308271], [0.713375796178344, 0.6328502415458935, 0.04981203007518797]], "optimal_weights": [0.001, 0.0053791840513387505, 8.011217154633497], "optimal_p": 2, "optimal_mean": [[5.052881012182496]], "optimal_variance": [[31.61247978372781]], "regularization_parameter": 1e-06, "optimal_covariance_matrix": [[1.000001, 0.9620284938344984, 0.06025609724568867, 0.10271048883368078, 0.7840466545826108, 0.35404455698115067, 0.9668336343726404, 0.6969226132492675, 0.9145506993463293, 0.02931260112721671, 0.1620865677669954, 0.016947391136152075, 0.10840152410775401, 0.5447001568050358, 0.8748048767782426, 0.2626275567508124, 0.980156026896592, 0.004220627240365562, 0.5288087807116288, 0.007991648120206795], [0.9620284938344984, 1.000001, 0.11129214867856432, 0.1778180324970638, 0.6241247082820193, 0.5062471367579514, 0.9995753866791294, 0.8487615973348068, 0.7867568581275597, 0.05864929721958516, 0.2633379579896485, 0.035786961536880706, 0.1865557722509815, 0.7114321875886198, 0.9706890229493277, 0.3971950524149803, 0.8934207222671555, 0.010064447363285486, 0.6937187437490716, 0.018088364765920857], [0.06025609724568867, 0.11129214867856432, 1.000001, 0.9720616598012202, 0.00908617293703845, 0.6490235635946586, 0.10607454592742797, 0.31291641820053445, 0.02052501614163914, 0.9591415141271188, 0.8972998665974679, 0.8888186613483307, 0.9650420811915756, 0.44473848299866164, 0.17891165053463406, 0.7606342494083627, 0.03683884631195077, 0.6440871121865855, 0.4623497992199578, 0.76183892088057], [0.10271048883368078, 0.1778180324970638, 0.9720616598012202, 1.000001, 0.018281529916403947, 0.7866755873665154, 0.17043451071655402, 0.43677406125848967, 0.03863815239495836, 0.8710677543365896, 0.9739987594819308, 0.7702337793746944, 0.9983721244709571, 0.5847132234001663, 0.27015163863630276, 0.880904966501262, 0.06584336807774321, 0.5015528864669094, 0.6034310185380252, 0.6218710652575239], [0.7840466545826108, 0.6241247082820193, 0.00908617293703845, 0.018281529916403947, 1.000001, 0.1019408673054155, 0.6376963524324022, 0.3041006768558626, 0.9609876840727225, 0.003624863762534336, 0.03373320795048385, 0.00182412679126393, 0.019651208123221624, 0.19949820510829616, 0.48007021179633436, 0.06629945123542627, 0.8835096690706024, 0.00033133175362354126, 0.18916247292162378, 0.0007217975606836871], [0.35404455698115067, 0.5062471367579514, 0.6490235635946586, 0.7866755873665154, 0.1019408673054155, 1.000001, 0.49266528246611424, 0.8364265659645733, 0.17751808252503462, 0.4766640836448661, 0.8967633391786922, 0.3674037732591355, 0.7989898499922871, 0.9399829285081996, 0.6515379917654034, 0.978337635884322, 0.26043225905001505, 0.1753129986961408, 0.952378124041769, 0.249106797166478], [0.9668336343726404, 0.9995753866791294, 0.10607454592742797, 0.17043451071655402, 0.6376963524324022, 0.49266528246611424, 1.000001, 0.8380001977973828, 0.7990375605111527, 0.05556574348606944, 0.2535676775453749, 0.03374639999441668, 0.17896726078397102, 0.698583390643413, 0.9648731766113408, 0.38531657847321954, 0.9022249087306957, 0.00938659809842008, 0.6797781085768597, 0.016960996924354908], [0.6969226132492675, 0.8487615973348068, 0.31291641820053445, 0.43677406125848967, 0.3041006768558626, 0.8364265659645733, 0.8380001977973828, 1.000001, 0.44971999796913914, 0.1943526749572137, 0.5680106203511549, 0.13286239155592477, 0.45164011449105085, 0.9685414783684251, 0.9452004435090238, 0.7338447820444424, 0.577797734234811, 0.04830021695032875, 0.9584935465011375, 0.07757303827698817], [0.9145506993463293, 0.7867568581275597, 0.02052501614163914, 0.03863815239495836, 0.9609876840727225, 0.17751808252503462, 0.7990375605111527, 0.44971999796913914, 1.000001, 0.008882389902843442, 0.06683482300785776, 0.0047180493398529255, 0.041325085750255945, 0.31674510640800885, 0.6459705641931439, 0.1221863671326008, 0.9753731854861132, 0.0009694494240770316, 0.3018885854986158, 0.002003181198607225], [0.02931260112721671, 0.05864929721958516, 0.9591415141271188, 0.8710677543365896, 0.003624863762534336, 0.4766640836448661, 0.05556574348606944, 0.1943526749572137, 0.008882389902843442, 1.000001, 0.7525307629300001, 0.9798121313140833, 0.8599737302711822, 0.29711165164724923, 0.10085668194362332, 0.5921244929210309, 0.0169379670738357, 0.8058981188593356, 0.3104561697973873, 0.9028153761259589], [0.1620865677669954, 0.2633379579896485, 0.8972998665974679, 0.9739987594819308, 0.03373320795048385, 0.8967633391786922, 0.2535676775453749, 0.5680106203511549, 0.06683482300785776, 0.7525307629300001, 1.000001, 0.6369361677151818, 0.9762951194059577, 0.7177504135270967, 0.3794624581790218, 0.9583135565080205, 0.1086221310942783, 0.37549957210484036, 0.738371163120103, 0.48568652642661586], [0.016947391136152075, 0.035786961536880706, 0.8888186613483307, 0.7702337793746944, 0.00182412679126393, 0.3674037732591355, 0.03374639999441668, 0.13286239155592477, 0.0047180493398529255, 0.9798121313140833, 0.6369361677151818, 1.000001, 0.7552117818610224, 0.2134485612116104, 0.06464819862534248, 0.47308568486012836, 0.009407989293072952, 0.9014970085783055, 0.22489905522030051, 0.9687142708951698], [0.10840152410775401, 0.1865557722509815, 0.9650420811915756, 0.9983721244709571, 0.019651208123221624, 0.7989898499922871, 0.17896726078397102, 0.45164011449105085, 0.041325085750255945, 0.8599737302711822, 0.9762951194059577, 0.7552117818610224, 1.000001, 0.6011845067022562, 0.28108113266905715, 0.8934195993428137, 0.06989316036170894, 0.484688202230645, 0.6177314225877503, 0.6058987961757403], [0.5447001568050358, 0.7114321875886198, 0.44473848299866164, 0.5847132234001663, 0.19949820510829616, 0.9399829285081996, 0.698583390643413, 0.9685414783684251, 0.31674510640800885, 0.29711165164724923, 0.7177504135270967, 0.2134485612116104, 0.6011845067022562, 1.000001, 0.8412470128099045, 0.8669758067164369, 0.4295844619009251, 0.08684591654888633, 0.9954691235493126, 0.13281466504654676], [0.8748048767782426, 0.9706890229493277, 0.17891165053463406, 0.27015163863630276, 0.48007021179633436, 0.6515379917654034, 0.9648731766113408, 0.9452004435090238, 0.6459705641931439, 0.10085668194362332, 0.3794624581790218, 0.06464819862534248, 0.28108113266905715, 0.8412470128099045, 1.000001, 0.5339612704499717, 0.7740815385779881, 0.02030704454809852, 0.8283420378841594, 0.03471232940273709], [0.2626275567508124, 0.3971950524149803, 0.7606342494083627, 0.880904966501262, 0.06629945123542627, 0.978337635884322, 0.38531657847321954, 0.7338447820444424, 0.1221863671326008, 0.5921244929210309, 0.9583135565080205, 0.47308568486012836, 0.8934195993428137, 0.8669758067164369, 0.5339612704499717, 1.000001, 0.1861918412492131, 0.24493457790327186, 0.8769029041542392, 0.33681355327437534], [0.980156026896592, 0.8934207222671555, 0.03683884631195077, 0.06584336807774321, 0.8835096690706024, 0.26043225905001505, 0.9022249087306957, 0.577797734234811, 0.9753731854861132, 0.0169379670738357, 0.1086221310942783, 0.009407989293072952, 0.06989316036170894, 0.4295844619009251, 0.7740815385779881, 0.1861918412492131, 1.000001, 0.002139207021554601, 0.4139060104824089, 0.004219252329673162], [0.004220627240365562, 0.010064447363285486, 0.6440871121865855, 0.5015528864669094, 0.00033133175362354126, 0.1753129986961408, 0.00938659809842008, 0.04830021695032875, 0.0009694494240770316, 0.8058981188593356, 0.37549957210484036, 0.9014970085783055, 0.484688202230645, 0.08684591654888633, 0.02030704454809852, 0.24493457790327186, 0.002139207021554601, 1.000001, 0.09325532420335689, 0.9782056202122039], [0.5288087807116288, 0.6937187437490716, 0.4623497992199578, 0.6034310185380252, 0.18916247292162378, 0.952378124041769, 0.6797781085768597, 0.9584935465011375, 0.3018885854986158, 0.3104561697973873, 0.738371163120103, 0.22489905522030051, 0.6177314225877503, 0.9954691235493126, 0.8283420378841594, 0.8769029041542392, 0.4139060104824089, 0.09325532420335689, 1.000001, 0.14093834822965284], [0.007991648120206795, 0.018088364765920857, 0.76183892088057, 0.6218710652575239, 0.0007217975606836871, 0.249106797166478, 0.016960996924354908, 0.07757303827698817, 0.002003181198607225, 0.9028153761259589, 0.48568652642661586, 0.9687142708951698, 0.6058987961757403, 0.13281466504654676, 0.03471232940273709, 0.33681355327437534, 0.004219252329673162, 0.9782056202122039, 0.14093834822965284, 1.000001]], "covariance_matrix_inverse": [[86707.11001629443, -121938.89703774691, 3400.414266911898, -9754.191801165516, 1589.043499440537, -21666.979006563266, 87182.48734255793, 47911.78285286026, 12581.50525269103, -5173.653970953679, 7672.628326038841, 3055.0857726753607, 2778.135429647553, -35945.53710415119, -25152.848905299532, 12624.306130064831, -67080.34611656379, -964.3838707554173, 21187.08439810855, 1100.7814711168874], [-121938.8970371301, 191977.68914042658, -7163.142928800916, 26612.898228075665, -3169.535382260329, 59352.624123455455, -143833.5907822202, -73622.87012686116, -13125.419618264155, 6923.0190785882005, -25271.09054131177, -4628.90723663288, -3163.8707734201544, 61173.69267853017, 43301.981703013145, -30316.725929218006, 89524.09796913505, 1669.5155154482165, -52700.938329632954, -1771.9180494820732], [3400.4142671450804, -7163.142929108551, 29587.21868974162, 5642.902797228809, 130.64431797999214, 10934.972022882084, 3233.1338338513806, 33837.239337201114, -670.0296836075711, -1931.2257469835367, -18279.618297249184, -15854.819098359512, -27314.235604719936, -39602.41028391097, -7268.689774803123, 26159.38408774957, -134.25566955942253, -2817.2942587991024, -2981.185091973926, 11058.146589005977], [-9754.191800130286, 26612.89822663961, 5642.902797258555, 38908.24557470154, -423.57165999323485, 53709.78785568074, -23787.68059411314, -292.4339824619167, 504.369625857865, -3931.7549777293307, -41984.20305380321, -7451.280996067487, -11683.481754051925, 1632.5070314371687, 8110.738390340626, -12236.844638429822, 5208.430311579234, -1025.5213252617184, -33529.85910213429, 5715.627360817068], [1589.0434994177829, -3169.5353822403013, 130.64431797805696, -423.57166001303915, 256.38879731117333, -1773.0347419062734, 3070.004412210491, 712.3431624633912, -341.4984660533078, 79.51430613235007, 627.1178295946294, -98.70350234694502, -173.5237712757791, -843.0679926051713, -1158.389079417143, 730.7990877718663, -961.1679314133368, -9.585763825461639, 1719.15946418813, 44.91451208310463], [-21666.979004559915, 59352.62412067816, 10934.972022937232, 53709.78785572228, -1773.034741867679, 102595.86228993851, -57663.20277964763, 7083.037506208617, 2460.977942743941, -7441.098729541527, -67572.94298307797, -8369.656320930559, -14481.18942987857, -1215.1061641421045, 18897.748296574093, -22199.360300291028, 12539.882719993971, -1200.1148948861116, -70865.53986006185, 6746.215818722822], [87182.48734182307, -143833.59078179803, 3233.1338336339877, -23787.680595124624, 3070.004412218748, -57663.202781595144, 113049.48485158986, 44743.84197176983, 7415.779829447717, -3892.8004348541267, 26081.924732558327, 3713.9688874737385, 4097.587863082134, -38424.38373165385, -33829.422081019206, 22932.004132916518, -63627.95701184373, -1066.3109024531848, 49971.55452508429, 782.379667850115], [47911.782853320576, -73622.87012785373, 33837.23933723345, -292.43398301819565, 712.3431624830692, 7083.037505078192, 44743.84197262773, 109363.62197077052, 3017.053165999136, -1643.2368409206672, -18736.683343022665, -12867.614016914016, -35610.670007495595, -106759.18583868098, -31927.83382430795, 52570.49056534185, -27392.12048015637, -2182.0029638781593, 3468.2690752829058, 8306.014526041268], [12581.505252791123, -13125.419618487193, -670.0296836572024, 504.36962571178253, -341.49846604840087, 2460.9779424656317, 7415.779829645622, 3017.0531659798735, 3920.5069964494332, -1154.732840529566, -975.3875546838125, 989.638345344512, 1866.8536573261124, -301.2088365677721, -328.61146413817806, -2039.5972013034568, -11611.94337788014, -87.32449118581893, -2051.965340111233, -58.368618892471524], [-5173.653971161394, 6923.019078975059, -1931.2257469927767, -3931.7549776150067, 79.51430612297952, -7441.0987292793625, -3892.800435174327, -1643.2368410361996, -1154.7328405359326, 9266.845231662423, 6964.751023739473, -4275.123337479625, -5092.481671158518, -635.5401739205591, -250.49476637615658, 5050.6473625682165, 4101.696647832196, 1704.9787847363189, 3831.0907806236, -2473.2996315307623], [7672.628324688879, -25271.09053940621, -18279.618297292513, -41984.203053755984, 627.1178295678659, -67572.94298292536, 26081.924731201023, -18736.683343709174, -975.3875548712751, 6964.7510238732375, 53785.513158288966, 11793.9136052444, 21005.514563755714, 17964.0169036331, -6125.1969858353605, 3379.6495801158776, -4628.417683448196, 2170.0558017490844, 41808.58144739671, -9594.015583010027], [3055.085772552156, -4628.907236533507, -15854.819098344014, -7451.280996111889, -98.70350234456788, -8369.656321045044, 3713.968887431352, -12867.614016876274, 989.6383453032809, -4275.123337472866, 11793.913605293874, 14105.685279234782, 19506.89116302644, 17280.975944955597, 2168.353202439942, -13666.398837594996, -3054.7697707183497, 1028.9066859564755, 3431.869003270591, -6806.671307813037], [2778.135429401855, -3163.8707731835575, -27314.235604740054, -11683.481754138365, -173.52377127311988, -14481.189430066695, 4097.587862959527, -35610.670007487475, 1866.8536572543571, -5092.481671147015, 21005.514563862293, 19506.89116305538, 34554.74418229122, 43200.74540457488, 7154.304728982007, -29502.994351803496, -4743.45516615644, 1433.9473380470185, 5421.214338583378, -9227.191029451275], [-35945.53710441521, 61173.69267911687, -39602.41028397912, 1632.5070317994046, -843.0679926151646, -1215.1061634010225, -38424.383732164526, -106759.18583860493, -301.2088365872165, -635.5401740340582, 17964.016903183274, 17280.975945037906, 43200.745404648784, 110058.5677859767, 31590.347733927458, -60625.44793614625, 17656.70353232195, 2385.455590342908, -8575.998179595783, -9987.040145215078], [-25152.848905098046, 43301.98170290659, -7268.68977479784, 8110.738390618657, -1158.3890794193333, 18897.748297120965, -33829.422081024764, -31927.83382410373, -328.6114640843236, -250.49476648597775, -6125.196986198652, 2168.3532024730575, 7154.304729019694, 31590.34773383978, 16576.71722723299, -18785.512046545748, 15661.512802794528, 505.96343445816547, -17683.738257079076, -1490.839230451702], [12624.3061296683, -30316.725928645414, 26159.384087780658, -12236.844638447692, 730.7990877602331, -22199.36030030377, 22932.00413250468, 52570.49056498557, -2039.5972013367498, 5050.647362665084, 3379.6495801661613, -13666.398837680465, -29502.994351899364, -60625.44793588651, -18785.51204636953, 44478.38068435069, -3735.798020318671, -1242.340804798437, 20217.1763632809, 6212.734421311109], [-67080.34611664178, 89524.09796971026, -134.25566935570666, 5208.430312374582, -961.1679314319351, 12539.882721524522, -63627.95701247718, -27392.120479834684, -11611.94337781497, 4101.696647692929, -4628.41768448464, -3054.7697708402143, -4743.455166387164, 17656.70353212485, 15661.51280296832, -3735.798020593998, 54547.512712690994, 592.8105934355074, -12547.699728176975, -409.58385200520286], [-964.3838707866905, 1669.5155155033308, -2817.2942587998014, -1025.521325243319, -9.585763826618294, -1200.1148948459222, -1066.3109024988876, -2182.002963880854, -87.32449118852163, 1704.9787847335747, 2170.0558017260178, 1028.9066859577936, 1433.9473380446984, 2385.455590345386, 505.9634344691315, -1242.3408048080573, 592.8105934590161, 774.967037471063, 261.00127350774875, -1924.0388238010069], [21187.084396772858, -52700.938327833916, -2981.1850920058214, -33529.85910224885, 1719.1594641643405, -70865.53986023957, 49971.55452384913, 3468.2690744958095, -2051.9653403041093, 3831.0907808337174, 41808.58144761068, 3431.869003177681, 5421.214338441259, -8575.9981790961, -17683.73825673066, 20217.176363334864, -12547.699727152023, 261.0012735376065, 52264.712201800416, -2553.1358856254546], [1100.7814712541162, -1771.918049679145, 11058.146589000657, 5715.627360784498, 44.91451208563334, 6746.215818658017, 782.3796679970968, 8306.014526049978, -58.3686188701545, -2473.299631529046, -9594.015582968172, -6806.6713078128, -9227.191029431864, -9987.04014520433, -1490.8392304752497, 6212.7344213075685, -409.5838521173147, -1924.0388238007772, -2553.1358855781464, 6313.693385952144]], "optimal_y_mu": [[-4.300094021580884], [-4.250379046855107], [-3.140784586655819], [-3.416054462810016], [-4.395817011533046], [-3.8965042916548045], [-4.254543282101012], [-4.1148550834269235], [-4.361078405533891], [-2.6407068467267627], [-3.6136515843463313], [-2.0862596412974317], [-3.4408069921958684], [-4.0345302858378815], [-4.200114626298471], [-3.7944446296173577], [-4.3310977791179965], [1.2256868312930056], [-4.025345708173493], [-0.8548705630695563]], "training_R2": 0.9999993513188298, "training_rmse": 0.0011055579033206777}, "map": {"x_data_columns": "list", "x_data": "numpy", "x_data_min": "numpy", "x_data_max": "numpy", "x_data_scaled": "numpy", "optimal_weights": "numpy", "optimal_p": "str", "optimal_mean": "numpy", "optimal_variance": "numpy", "regularization_parameter": "str", "optimal_covariance_matrix": "numpy", "covariance_matrix_inverse": "numpy", "optimal_y_mu": "numpy", "training_R2": "str", "training_rmse": "str"}}, "S_fa": {"attr": {"x_data_columns": ["inf_fr", "temp", "hrt"], "x_data": [[9.62, 24.21, 9.97], [7.6, 29.05, 9.24], [9.06, 27.98, 3.67], [6.71, 27.84, 4.3], [5.36, 27.03, 11.82], [7.09, 24.66, 6.14], [6.31, 30.7, 9.3], [5.55, 31.95, 7.72], [7.79, 31.75, 11.08], [9.87, 32.81, 2.91], [6.06, 22.9, 4.9], [8.25, 29.43, 2.38], [9.41, 33.07, 4.37], [5.94, 34.29, 7.05], [5.16, 25.28, 8.6], [6.99, 34.67, 5.63], [8.78, 26.17, 10.5], [8.25, 22.25, 1.18], [7.34, 23.58, 6.97], [8.52, 30.11, 1.71]], "x_data_min": [[5.16, 22.25, 1.18]], "x_data_max": [[9.87, 34.67, 11.82]], "x_data_scaled": [[0.9469214437367304, 0.15780998389694045, 0.8261278195488723], [0.5180467091295117, 0.5475040257648953, 0.7575187969924813], [0.8280254777070066, 0.4613526570048309, 0.23402255639097744], [0.3290870488322718, 0.45008051529790655, 0.2932330827067669], [0.04246284501061576, 0.3848631239935588, 1.0], [0.40976645435244163, 0.1940418679549114, 0.46616541353383456], [0.24416135881104029, 0.6803542673107889, 0.7631578947368421], [0.08280254777070059, 0.7809983896940417, 0.6146616541353384], [0.5583864118895967, 0.7648953301127213, 0.9304511278195489], [1.0, 0.8502415458937199, 0.162593984962406], [0.19108280254777063, 0.052334943639291344, 0.349624060150376], [0.6560509554140128, 0.5780998389694041, 0.11278195488721804], [0.902335456475584, 0.8711755233494363, 0.299812030075188], [0.16560509554140135, 0.9694041867954909, 0.5516917293233082], [0.0, 0.2439613526570049, 0.6973684210526315], [0.38853503184713384, 1.0, 0.4182330827067669], [0.7685774946921443, 0.3156199677938809, 0.8759398496240601], [0.6560509554140128, 0.0, 0.0], [0.46284501061571126, 0.10708534621578085, 0.5441729323308271], [0.713375796178344, 0.6328502415458935, 0.04981203007518797]], "optimal_weights": [0.001, 0.008198042151568637, 8.850492794047565], "optimal_p": 2, "optimal_mean": [[56.30179950410318]], "optimal_variance": [[2485.300215373848]], "regularization_parameter": 1e-06, "optimal_covariance_matrix"