{"model_encoding": {"S_su": {"attr": {"x_data_columns": ["inf_fr", "temp", "hrt"], "x_data": [[9.62, 24.21, 9.97], [7.6, 29.05, 9.24], [9.06, 27.98, 3.67], [6.71, 27.84, 4.3], [5.36, 27.03, 11.82], [7.09, 24.66, 6.14], [6.31, 30.7, 9.3], [5.55, 31.95, 7.72], [7.79, 31.75, 11.08], [9.87, 32.81, 2.91], [6.06, 22.9, 4.9], [8.25, 29.43, 2.38], [9.41, 33.07, 4.37], [5.94, 34.29, 7.05], [5.16, 25.28, 8.6], [6.99, 34.67, 5.63], [8.78, 26.17, 10.5], [8.25, 22.25, 1.18], [7.34, 23.58, 6.97], [8.52, 30.11, 1.71]], "x_data_min": [[5.16, 22.25, 1.18]], "x_data_max": [[9.87, 34.67, 11.82]], "x_data_scaled": [[0.9469214437367304, 0.15780998389694045, 0.8261278195488723], [0.5180467091295117, 0.5475040257648953, 0.7575187969924813], [0.8280254777070066, 0.4613526570048309, 0.23402255639097744], [0.3290870488322718, 0.45008051529790655, 0.2932330827067669], [0.04246284501061576, 0.3848631239935588, 1.0], [0.40976645435244163, 0.1940418679549114, 0.46616541353383456], [0.24416135881104029, 0.6803542673107889, 0.7631578947368421], [0.08280254777070059, 0.7809983896940417, 0.6146616541353384], [0.5583864118895967, 0.7648953301127213, 0.9304511278195489], [1.0, 0.8502415458937199, 0.162593984962406], [0.19108280254777063, 0.052334943639291344, 0.349624060150376], [0.6560509554140128, 0.5780998389694041, 0.11278195488721804], [0.902335456475584, 0.8711755233494363, 0.299812030075188], [0.16560509554140135, 0.9694041867954909, 0.5516917293233082], [0.0, 0.2439613526570049, 0.6973684210526315], [0.38853503184713384, 1.0, 0.4182330827067669], [0.7685774946921443, 0.3156199677938809, 0.8759398496240601], [0.6560509554140128, 0.0, 0.0], [0.46284501061571126, 0.10708534621578085, 0.5441729323308271], [0.713375796178344, 0.6328502415458935, 0.04981203007518797]], "optimal_weights": [0.001, 0.005536380187241415, 9.236467756492779], "optimal_p": 2, "optimal_mean": [[10.707915650804605]], "optimal_variance": [[186.4363125879553]], "regularization_parameter": 1e-06, "optimal_covariance_matrix": [[1.000001, 0.9564731337571478, 0.03921386319320655, 0.07252693925057407, 0.7555297934969366, 0.3020713509754861, 0.9621064862524039, 0.6597247121187314, 0.9023839875383144, 0.017089979269319985, 0.12272284459909552, 0.009084796226731858, 0.0771967651912427, 0.49663332395922855, 0.857212879244803, 0.21417008961061418, 0.9771769160201195, 0.0018289865513227113, 0.47972874633007895, 0.003818831201488423], [0.9564731337571478, 1.000001, 0.07954951719224991, 0.13654342911132078, 0.5807409682544845, 0.45623030084640637, 0.9995336686250862, 0.8277942707211856, 0.7584447694040788, 0.03801198336867464, 0.2147650818365249, 0.021504548069580128, 0.14431945853569944, 0.6754267063185146, 0.9663814469090524, 0.34493321432913215, 0.8781933565044728, 0.004982195632776335, 0.656069711844524, 0.009792358915572567], [0.03921386319320655, 0.07954951719224991, 1.000001, 0.9678950181106731, 0.004427663765649804, 0.6075464669626096, 0.07527015842092159, 0.26201408190250114, 0.011329022409064518, 0.9531416954577071, 0.8827039938158243, 0.872952187025941, 0.959912475681888, 0.3929967255896236, 0.13752921647034833, 0.7296244513371993, 0.022235174564580636, 0.6022651331770199, 0.4109375154385631, 0.7308099624759977], [0.07252693925057407, 0.13654342911132078, 0.9678950181106731, 1.000001, 0.009913069614059794, 0.7583642420367017, 0.1300308224169473, 0.38483336938880475, 0.023493304870820665, 0.8530206547416533, 0.9701870957127253, 0.7401065372849566, 0.9982913532980799, 0.5387390447564083, 0.22115465152819436, 0.8641597707183085, 0.0434341277810125, 0.45138618388627705, 0.5586137217008001, 0.5783196622046067], [0.7555297934969366, 0.5807409682544845, 0.004427663765649804, 0.009913069614059794, 1.000001, 0.07189567066129297, 0.5953319068005984, 0.2535096861549929, 0.9552874568425517, 0.0015350717211660482, 0.020089514458112228, 0.0006953307422545131, 0.010776915244511754, 0.15594451749724036, 0.42911013092335204, 0.043791192267664834, 0.867004135745026, 9.73046000010162e-05, 0.14664484678650186, 0.00023877190994551407], [0.3020713509754861, 0.45623030084640637, 0.6075464669626096, 0.7583642420367017, 0.07189567066129297, 1.000001, 0.4421813836482534, 0.8140863226580625, 0.1363063234142414, 0.4257407563820858, 0.8819608077958492, 0.3152699077438096, 0.7722970511133711, 0.9315080267489735, 0.6102323302805363, 0.9754878533684316, 0.21200341829527516, 0.1343310904920107, 0.9453026063140114, 0.20143244748679284], [0.9621064862524039, 0.9995336686250862, 0.07527015842092159, 0.1300308224169473, 0.5953319068005984, 0.4421813836482534, 1.000001, 0.8156607978894934, 0.7721012623748998, 0.03571756650887404, 0.20562176120186326, 0.020097687164931592, 0.1375721985747334, 0.6613285335137854, 0.959741076788723, 0.33304490232435713, 0.8882542472178644, 0.0045979566827183274, 0.6409545817940534, 0.00909233897211156], [0.6597247121187314, 0.8277942707211856, 0.26201408190250114, 0.38483336938880475, 0.2535096861549929, 0.8140863226580625, 0.8156607978894934, 1.000001, 0.39799500940259086, 0.151301587081372, 0.5211245198656403, 0.09758144757062939, 0.39998415555227024, 0.963841972007026, 0.937269126252003, 0.6999540597664491, 0.5314167227204987, 0.030399602328517506, 0.9526080929806922, 0.05247275178289751], [0.9023839875383144, 0.7584447694040788, 0.011329022409064518, 0.023493304870820665, 0.9552874568425517, 0.1363063234142414, 0.7721012623748998, 0.39799500940259086, 1.000001, 0.004313096656757397, 0.04420304985397111, 0.002079668242280326, 0.02538551738268774, 0.2656867434901288, 0.6043457190353803, 0.08859479120982179, 0.9717976612427228, 0.0003355895166415613, 0.2514311838805042, 0.0007745454267820365], [0.017089979269319985, 0.03801198336867464, 0.9531416954577071, 0.8530206547416533, 0.0015350717211660482, 0.4257407563820858, 0.03571756650887404, 0.151301587081372, 0.004313096656757397, 1.000001, 0.7208868757591952, 0.9768265174130442, 0.8403611879569598, 0.2468069458161843, 0.07103985371640444, 0.5465586387116287, 0.009079588549665002, 0.780123298666244, 0.25970759735809595, 0.8888475557090304], [0.12272284459909552, 0.2147650818365249, 0.8827039938158243, 0.9701870957127253, 0.020089514458112228, 0.8819608077958492, 0.20562176120186326, 0.5211245198656403, 0.04420304985397111, 0.7208868757591952, 1.000001, 0.5946045472347953, 0.9732289701382397, 0.6826355143585175, 0.3272044054369997, 0.9526678934184375, 0.07735921290153816, 0.3232693781062261, 0.7049108387318498, 0.4350130463966294], [0.009084796226731858, 0.021504548069580128, 0.872952187025941, 0.7401065372849566, 0.0006953307422545131, 0.3152699077438096, 0.020097687164931592, 0.09758144757062939, 0.002079668242280326, 0.9768265174130442, 0.5946045472347953, 1.000001, 0.7235177956742113, 0.16856768045352263, 0.04253060406736744, 0.42196913954244214, 0.0046087204271272105, 0.8875095523110418, 0.1790383237230788, 0.9640188510269072], [0.0771967651912427, 0.14431945853569944, 0.959912475681888, 0.9982913532980799, 0.010776915244511754, 0.7722970511133711, 0.1375721985747334, 0.39998415555227024, 0.02538551738268774, 0.8403611879569598, 0.9732289701382397, 0.7235177956742113, 1.000001, 0.5562213503058727, 0.2315809132250357, 0.8781973846113744, 0.04653618112157637, 0.4340900874797243, 0.5740976618083206, 0.5612272355251532], [0.49663332395922855, 0.6754267063185146, 0.3929967255896236, 0.5387390447564083, 0.15594451749724036, 0.9315080267489735, 0.6613285335137854, 0.963841972007026, 0.2656867434901288, 0.2468069458161843, 0.6826355143585175, 0.16856768045352263, 0.5562213503058727, 1.000001, 0.8195871222432143, 0.8482604545513409, 0.37763654127736673, 0.0598036002995515, 0.9952838279340772, 0.09754528901687452], [0.857212879244803, 0.9663814469090524, 0.13752921647034833, 0.22115465152819436, 0.42911013092335204, 0.6102323302805363, 0.959741076788723, 0.937269126252003, 0.6043457190353803, 0.07103985371640444, 0.3272044054369997, 0.04253060406736744, 0.2315809132250357, 0.8195871222432143, 1.000001, 0.4852994740524343, 0.7444203908445256, 0.011190791954098231, 0.8048597037244677, 0.020765391120594542], [0.21417008961061418, 0.34493321432913215, 0.7296244513371993, 0.8641597707183085, 0.043791192267664834, 0.9754878533684316, 0.33304490232435713, 0.6999540597664491, 0.08859479120982179, 0.5465586387116287, 0.9526678934184375, 0.42196913954244214, 0.8781973846113744, 0.8482604545513409, 0.4852994740524343, 1.000001, 0.1440296889222698, 0.19765329257710848, 0.8599183388486671, 0.28520267833164403], [0.9771769160201195, 0.8781933565044728, 0.022235174564580636, 0.0434341277810125, 0.867004135745026, 0.21200341829527516, 0.8882542472178644, 0.5314167227204987, 0.9717976612427228, 0.009079588549665002, 0.07735921290153816, 0.0046087204271272105, 0.04653618112157637, 0.37763654127736673, 0.7444203908445256, 0.1440296889222698, 1.000001, 0.0008355381767472778, 0.36168353748603327, 0.0018283689748422114], [0.0018289865513227113, 0.004982195632776335, 0.6022651331770199, 0.45138618388627705, 9.73046000010162e-05, 0.1343310904920107, 0.0045979566827183274, 0.030399602328517506, 0.0003355895166415613, 0.780123298666244, 0.3232693781062261, 0.8875095523110418, 0.4340900874797243, 0.0598036002995515, 0.011190791954098231, 0.19765329257710848, 0.0008355381767472778, 1.000001, 0.06487828786376175, 0.9751748593294263], [0.47972874633007895, 0.656069711844524, 0.4109375154385631, 0.5586137217008001, 0.14664484678650186, 0.9453026063140114, 0.6409545817940534, 0.9526080929806922, 0.2514311838805042, 0.25970759735809595, 0.7049108387318498, 0.1790383237230788, 0.5740976618083206, 0.9952838279340772, 0.8048597037244677, 0.8599183388486671, 0.36168353748603327, 0.06487828786376175, 1.000001, 0.10446340198352944], [0.003818831201488423, 0.009792358915572567, 0.7308099624759977, 0.5783196622046067, 0.00023877190994551407, 0.20143244748679284, 0.00909233897211156, 0.05247275178289751, 0.0007745454267820365, 0.8888475557090304, 0.4350130463966294, 0.9640188510269072, 0.5612272355251532, 0.09754528901687452, 0.020765391120594542, 0.28520267833164403, 0.0018283689748422114, 0.9751748593294263, 0.10446340198352944, 1.000001]], "covariance_matrix_inverse": [[66051.06230870224, -91058.63914642777, 4973.7529537258615, -9047.630952548374, 987.3127560550531, -15921.932188832552, 63572.99250774359, 42704.47549686898, 10369.362172807827, -2126.1688515095652, 6140.434579456073, 808.1315062240076, -1817.3376784738487, -34270.727064595776, -19425.541573343817, 14555.525702788509, -51455.72354083733, -574.9437002241667, 14852.26298901432, 774.9138865367306], [-91058.63914581841, 140031.70804404453, -8247.81998838968, 21310.936271216477, -2140.168986181356, 40568.239103944274, -102728.01979804525, -61590.304321415606, -11056.891014511435, 1868.8081876298497, -18333.65789624078, -1083.054406649095, 3264.2161546091875, 53103.61160972223, 31273.34699269655, -28130.61556477417, 67885.95152854221, 807.034583675232, -35034.8276802102, -848.6146601300145], [4973.752953583335, -8247.819988206826, 20167.28328986674, 2367.205415433602, 51.428656367341574, 6888.722426035014, 4073.417612380024, 24637.198223620162, 27.061227172585, -1760.7175401920135, -11343.7586107384, -10616.072499960243, -17392.868159054888, -27455.585113543228, -5495.51160366245, 17334.573609418665, -1996.4714048976266, -2089.103986950323, -1969.1039734808073, 7826.988630159212], [-9047.630952000058, 21310.936270615482, 2367.205415329131, 27819.340978420776, -529.5253685910363, 37299.11116310532, -19428.455761580004, 1003.0024382723192, 171.77934006274123, -4231.052051043225, -29121.97357978849, -3546.6455085999983, -6703.388231088862, 379.69748289414514, 6004.223008264708, -9001.530914239505, 5849.466389950799, -1072.3210177227218, -23719.81686841536, 4146.932811919622], [987.3127560104698, -2140.1689861255504, 51.42865636704286, -529.5253685843991, 190.76175698792625, -1508.6545670948033, 2094.331213245348, 528.1519395414714, -298.27191545432834, 83.09938391776285, 682.4717921924138, -14.857370350369225, -61.53889520532153, -634.4283766114144, -822.1287653986224, 599.4828934086337, -529.4744528606734, 0.338667516327473, 1338.2546439646947, -9.90555547451682], [-15921.932187588007, 40568.23910240636, 6888.72242593678, 37299.111162939305, -1508.6545670972826, 69203.29913386345, -40159.05174308923, 6186.375182729172, 1553.7722755768207, -8006.636719122996, -46399.83887844453, -4196.504712864072, -7488.432685448398, -1300.0868104216477, 12722.097199602598, -16319.849381177157, 10305.888345543326, -1512.623715469277, -47679.55408553574, 5661.81044250052], [63572.992507027964, -102728.01979762537, 4073.417612499486, -19428.455761907735, 2094.3312132802894, -40159.051744033626, 79233.91572138933, 37677.18147238586, 6289.581248268057, -430.00779871343883, 19623.454568938523, 1488.5984302951376, -525.1508862203045, -33586.551463172, -23965.97631118616, 20841.22893360644, -47118.68938905591, -400.5455469522116, 33662.556820893114, -95.75337207288368], [42704.47549679268, -61590.304321760865, 24637.198223744228, 1003.0024380024898, 528.1519395739747, 6186.37518194561, 37677.18147283578, 79523.30125677827, 4051.8281774588327, -276.89120543150375, -14174.371443444184, -10856.25861099076, -26318.5671188299, -75916.94776038428, -23658.223959033192, 36741.008268409074, -26916.14731535729, -1572.60840011644, 1662.3928563999407, 6565.665121467505], [10369.36217297203, -11056.891014836181, 27.061227199617196, 171.77933992876123, -298.271915445584, 1553.7722753232417, 6289.5812485369825, 4051.8281775919754, 3223.8550096986964, -723.2008503761209, -748.3619139850596, 494.4223148852946, 675.6974930740902, -2083.8904403081688, -764.2687849648595, -406.60786405330515, -9478.139325571414, -77.38114769017231, -1247.0286889098309, 35.02911624388062], [-2126.1688516457284, 1868.808187808124, -1760.717540183731, -4231.052051014359, 83.09938391762003, -8006.636719117201, -430.00779882355425, -276.8912055318661, -723.2008504005471, 6941.171678278876, 6787.5842688719, -2978.614614055947, -3214.7772681379715, -1171.4412798637895, -908.2722032544099, 4311.173940462315, 1945.077026710016, 1273.2780719674229, 4553.245559463895, -1908.7241254953592], [6140.434578804038, -18333.657895465956, -11343.758610650233, -29121.973579763988, 682.471792195865, -46399.83887855187, 19623.45456848214, -14174.371443802747, -748.3619141271671, 6787.58426889033, 36802.94996988323, 6506.101610850295, 12241.508046986792, 12662.748022093334, -4384.634257355381, 3487.465275690645, -4350.704354827523, 1965.471828698865, 29100.411508611003, -7072.368360063917], [808.131506322315, -1083.0544068133136, -10616.07249993686, -3546.6455086922915, -14.857370347977403, -4196.50471298437, 1488.598430417305, -10856.258610874642, 494.4223148928774, -2978.6146140422657, 6506.101610930309, 9601.548161903049, 12741.22694457372, 13291.321945349719, 2079.741767527304, -9919.243008622274, -1419.4288840317918, 841.4442929795771, 1647.6503687026996, -4872.272305223929], [-1817.3376783100043, 3264.216154374251, -17392.868159036545, -6703.388231225097, -61.53889520402119, -7488.432685593715, -525.1508860588293, -26318.567118653827, 675.6974930972184, -3214.7772681208853, 12241.508047100608, 12741.226944587857, 21941.403208899916, 30065.915132736187, 5846.3308861241085, -19677.430133428446, -709.7006719270773, 1103.54928030744, 2418.915522326556, -6378.0910328461605], [-34270.727064292056, 53103.61160965864, -27455.585113645346, 379.6974829947063, -634.4283766352364, -1300.0868099254117, -33586.55146329897, -75916.94776020377, -2083.89044016344, -1171.441279931285, 12662.748021909945, 13291.321945464671, 30065.91513289555, 76081.30233827446, 23124.090751375454, -40912.85071280266, 20041.41157117958, 1664.4379815748866, -5629.156186363188, -7450.245154993483], [-19425.541573045815, 31273.346992470273, -5495.511603716314, 6004.223008317221, -822.1287654095621, 12722.097199851662, -23965.976311122762, -23658.223958856946, -764.2687848660988, -908.2722032859718, -4384.634257449869, 2079.741767584688, 5846.330886202485, 23124.090751316657, 11885.25236605182, -13802.787419462586, 12719.01200452963, 256.1715815373734, -11738.441511472192, -974.8050570840786], [14555.525702221055, -28130.615564139614, 17334.573609476243, -9001.530914125618, 599.4828934152064, -16319.849381217502, 20841.22893325107, 36741.008268024176, -406.6078641860582, 4311.173940472854, 3487.465275628117, -9919.243008707084, -19677.430133530033, -40912.85071256865, -13802.787419356726, 29712.92823399354, -7372.669424366751, -708.0724091713221, 14510.852204088525, 4175.649165877281], [-51455.72354096982, 67885.95152919064, -1996.4714050079954, 5849.466390410594, -529.4744528960285, 10305.888346539654, -47118.68938972708, -26916.147315512317, -9478.139325467153, 1945.077026605987, -4350.704355358784, -1419.4288839667988, -709.7006718093088, 20041.411571487337, 12719.01200479905, -7372.66942483182, 41925.86451394947, 368.2166338365709, -9523.003478460614, -246.65804245578863], [-574.9437002213848, 807.0345836657849, -2089.103986945622, -1072.3210177345554, 0.3386675167529553, -1512.6237154906105, -400.54554694221156, -1572.6084001093018, -77.38114769120907, 1273.2780719698796, 1965.4718287106332, 841.4442929778643, 1103.5492803026843, 1664.4379815638727, 256.1715815309884, -708.0724091578885, 368.2166338356478, 610.252339104702, 639.0395649475489, -1513.4426967143156], [14852.262988065864, -35034.827679037924, -1969.1039734212395, -23719.816868274076, 1338.2546439665246, -47679.554085514006, 33662.556820171136, 1662.3928557824443, -1247.0286891026408, 4553.245559464948, 29100.41150851956, 1647.65036861772, 2418.915522230913, -5629.1561859574085, -11738.441511272436, 14510.852204031493, -9523.003477702017, 639.0395649318727, 34815.566524468704, -2585.937226810534], [774.9138865180979, -848.614660079283, 7826.988630138568, 4146.932811971838, -9.905555476321608, 5661.810442586036, -95.75337212044019, 6565.665121425377, 35.02911624785023, -1908.7241255053918, -7072.36836011283, -4872.272305217221, -6378.091032827227, -7450.245154938282, -974.805057054996, 4175.649165819738, -246.65804244836733, -1513.4426967143957, -2585.9372268730535, 4756.095149605869]], "optimal_y_mu": [[-9.97683146905812], [-9.917876166762676], [-8.267196318672333], [-8.7388926071965], [-10.085742533523938], [-9.463270378003273], [-9.923168191371131], [-9.751667963132688], [-10.046917360967818], [-7.3317152923120705], [-9.052929467324898], [-6.1973162665442425], [-8.778442094143502], [-9.64823291364737], [-9.857655575522681], [-9.319594490780958], [-10.01274742026074], [2.1653551812971266], [-9.636866568869477], [-3.244351992863062]], "training_R2": 0.9999995713349376, "training_rmse": 0.001904012614905412}, "map": {"x_data_columns": "list", "x_data": "numpy", "x_data_min": "numpy", "x_data_max": "numpy", "x_data_scaled": "numpy", "optimal_weights": "numpy", "optimal_p": "str", "optimal_mean": "numpy", "optimal_variance": "numpy", "regularization_parameter": "str", "optimal_covariance_matrix": "numpy", "covariance_matrix_inverse": "numpy", "optimal_y_mu": "numpy", "training_R2": "str", "training_rmse": "str"}}, " S_aa": {"attr": {"x_data_columns": ["inf_fr", "temp", "hrt"], "x_data": [[9.62, 24.21, 9.97], [7.6, 29.05, 9.24], [9.06, 27.98, 3.67], [6.71, 27.84, 4.3], [5.36, 27.03, 11.82], [7.09, 24.66, 6.14], [6.31, 30.7, 9.3], [5.55, 31.95, 7.72], [7.79, 31.75, 11.08], [9.87, 32.81, 2.91], [6.06, 22.9, 4.9], [8.25, 29.43, 2.38], [9.41, 33.07, 4.37], [5.94, 34.29, 7.05], [5.16, 25.28, 8.6], [6.99, 34.67, 5.63], [8.78, 26.17, 10.5], [8.25, 22.25, 1.18], [7.34, 23.58, 6.97], [8.52, 30.11, 1.71]], "x_data_min": [[5.16, 22.25, 1.18]], "x_data_max": [[9.87, 34.67, 11.82]], "x_data_scaled": [[0.9469214437367304, 0.15780998389694045, 0.8261278195488723], [0.5180467091295117, 0.5475040257648953, 0.7575187969924813], [0.8280254777070066, 0.4613526570048309, 0.23402255639097744], [0.3290870488322718, 0.45008051529790655, 0.2932330827067669], [0.04246284501061576, 0.3848631239935588, 1.0], [0.40976645435244163, 0.1940418679549114, 0.46616541353383456], [0.24416135881104029, 0.6803542673107889, 0.7631578947368421], [0.08280254777070059, 0.7809983896940417, 0.6146616541353384], [0.5583864118895967, 0.7648953301127213, 0.9304511278195489], [1.0, 0.8502415458937199, 0.162593984962406], [0.19108280254777063, 0.052334943639291344, 0.349624060150376], [0.6560509554140128, 0.5780998389694041, 0.11278195488721804], [0.902335456475584, 0.8711755233494363, 0.299812030075188], [0.16560509554140135, 0.9694041867954909, 0.5516917293233082], [0.0, 0.2439613526570049, 0.6973684210526315], [0.38853503184713384, 1.0, 0.4182330827067669], [0.7685774946921443, 0.3156199677938809, 0.8759398496240601], [0.6560509554140128, 0.0, 0.0], [0.46284501061571126, 0.10708534621578085, 0.5441729323308271], [0.713375796178344, 0.6328502415458935, 0.04981203007518797]], "optimal_weights": [0.001, 0.00537919958181783, 8.011217192209358], "optimal_p": 2, "optimal_mean": [[5.0528780765242045]], "optimal_variance": [[31.61244913575308]], "regularization_parameter": 1e-06, "optimal_covariance_matrix": [[1.000001, 0.9620284913954117, 0.060256096365671294, 0.10271048760143037, 0.7840466530642098, 0.35404455525015527, 0.9668336301285957, 0.6969226078747462, 0.9145506937376184, 0.029312600424005682, 0.16208656635609753, 0.016947390765609242, 0.1084015221226904, 0.5447001496913999, 0.8748048761324287, 0.262627552215938, 0.9801560264261115, 0.004220627130494976, 0.528808779110826, 0.00799164791122232], [0.9620284913954117, 1.000001, 0.11129214751969368, 0.1778180310305445, 0.6241247066467089, 0.5062471341609024, 0.999575386403951, 0.8487615959652705, 0.7867568566660149, 0.05864929635610325, 0.2633379553405327, 0.03578696097737726, 0.18655577047888888, 0.7114321844893975, 0.9706890214283534, 0.3971950494338553, 0.893420721050295, 0.010064447099418228, 0.6937187404728146, 0.018088364423454732], [0.060256096365671294, 0.11129214751969368, 1.000001, 0.9720616596712458, 0.00908617273589397, 0.6490235615601606, 0.10607454473244347, 0.31291641600041203, 0.020525015738205133, 0.9591415116904592, 0.8972998638155405, 0.8888186606692579, 0.9650420785173899, 0.4447384795294391, 0.1789116489600159, 0.7606342450110529, 0.036838845729408404, 0.644087108732021, 0.46234979664758113, 0.7618389195611758], [0.10271048760143037, 0.1778180310305445, 0.9720616596712458, 1.000001, 0.01828152957205433, 0.7866755856815814, 0.17043450916195757, 0.4367740588200279, 0.03863815174596261, 0.8710677516117425, 0.9739987569724865, 0.7702337782362148, 0.9983721217199362, 0.5847132194833916, 0.27015163680010756, 0.8809049618468092, 0.0658433672191745, 0.5015528832684906, 0.6034310160076721, 0.6218710635502982], [0.7840466530642098, 0.6241247066467089, 0.00908617273589397, 0.01828152957205433, 1.000001, 0.10194086615614915, 0.6376963502235296, 0.304100674418019, 0.9609876817425796, 0.003624863654826677, 0.03373320735639306, 0.0018241267362519643, 0.01965120768902787, 0.1994982025430305, 0.4800702099961914, 0.06629945000263546, 0.8835096684938563, 0.0003313317404112802, 0.18916247121806654, 0.0007217975355068673], [0.35404455525015527, 0.5062471341609024, 0.6490235615601606, 0.7866755856815814, 0.10194086615614915, 1.000001, 0.4926652790237064, 0.8364265607961938, 0.1775180801887417, 0.476664078806621, 0.8967633384413587, 0.3674037706934733, 0.7989898434719439, 0.9399829194734824, 0.6515379904315014, 0.9783376259302835, 0.2604322573470189, 0.17531299716208634, 0.9523781237121621, 0.2491067947989128], [0.9668336301285957, 0.999575386403951, 0.10607454473244347, 0.17043450916195757, 0.6376963502235296, 0.4926652790237064, 1.000001, 0.8380001969711964, 0.7990375595821629, 0.055565742708094314, 0.25356767436279476, 0.033746399452565704, 0.17896725923900997, 0.6985833885631125, 0.9648731736007017, 0.38531657613923403, 0.9022249064354417, 0.009386597825520392, 0.6797781038824328, 0.01696099659945029], [0.6969226078747462, 0.8487615959652705, 0.31291641600041203, 0.4367740588200279, 0.304100674418019, 0.8364265607961938, 0.8380001969711964, 1.000001, 0.44971999628214754, 0.19435267345026913, 0.5680106141681162, 0.13286239021347182, 0.4516401127516952, 0.9685414776901772, 0.9452004390324026, 0.7338447804338717, 0.5777977308092154, 0.04830021580708948, 0.9584935395616392, 0.07757303732054126], [0.9145506937376184, 0.7867568566660149, 0.020525015738205133, 0.03863815174596261, 0.9609876817425796, 0.1775180801887417, 0.7990375595821629, 0.44971999628214754, 1.000001, 0.008882389705050174, 0.06683482163359497, 0.004718049218766667, 0.04132508512543897, 0.3167451044948278, 0.6459705601519877, 0.1221863658231157, 0.9753731823196056, 0.0009694493837312262, 0.30188858177724087, 0.002003181139690027], [0.029312600424005682, 0.05864929635610325, 0.9591415116904592, 0.8710677516117425, 0.003624863654826677, 0.476664078806621, 0.055565742708094314, 0.19435267345026913, 0.008882389705050174, 1.000001, 0.7525307545001737, 0.9798121300957465, 0.8599737296568909, 0.29711164989149663, 0.10085668028405587, 0.5921244912607467, 0.01693796667477948, 0.8058981090108295, 0.3104561654359968, 0.9028153750318271], [0.16208656635609753, 0.2633379553405327, 0.8972998638155405, 0.9739987569724865, 0.03373320735639306, 0.8967633384413587, 0.25356767436279476, 0.5680106141681162, 0.06683482163359497, 0.7525307545001737, 1.000001, 0.636936163638244, 0.9762951091485919, 0.7177504030510599, 0.3794624562383773, 0.9583135429724935, 0.10862212984671155, 0.3754995703641381, 0.7383711620356034, 0.4856865222442082], [0.016947390765609242, 0.03578696097737726, 0.8888186606692579, 0.7702337782362148, 0.0018241267362519643, 0.3674037706934733, 0.033746399452565704, 0.13286239021347182, 0.004718049218766667, 0.9798121300957465, 0.636936163638244, 1.000001, 0.7552117798609362, 0.21344855915894095, 0.06464819768308337, 0.47308568189375627, 0.0094079890771169, 0.9014970034684101, 0.22489905287273487, 0.9687142707057372], [0.1084015221226904, 0.18655577047888888, 0.9650420785173899, 0.9983721217199362, 0.01965120768902787, 0.7989898434719439, 0.17896725923900997, 0.4516401127516952, 0.04132508512543897, 0.8599737296568909, 0.9762951091485919, 0.7552117798609362, 1.000001, 0.6011845051789801, 0.2810811292824345, 0.8934195986417591, 0.0698931591549574, 0.48468819488064024, 0.6177314156006163, 0.60589879421832], [0.5447001496913999, 0.7114321844893975, 0.4447384795294391, 0.5847132194833916, 0.1994982025430305, 0.9399829194734824, 0.6985833885631125, 0.9685414776901772, 0.3167451044948278, 0.29711164989149663, 0.7177504030510599, 0.21344855915894095, 0.6011845051789801, 1.000001, 0.8412470052634082, 0.8669758061235905, 0.42958445735211576, 0.08684591428816452, 0.9954691120511546, 0.13281466355585567], [0.8748048761324287, 0.9706890214283534, 0.1789116489600159, 0.27015163680010756, 0.4800702099961914, 0.6515379904315014, 0.9648731736007017, 0.9452004390324026, 0.6459705601519877, 0.10085668028405587, 0.3794624562383773, 0.06464819768308337, 0.2810811292824345, 0.8412470052634082, 1.000001, 0.5339612641466035, 0.7740815375887443, 0.020307044158237298, 0.8283420369126577, 0.034712328774256354], [0.262627552215938, 0.3971950494338553, 0.7606342450110529, 0.8809049618468092, 0.06629945000263546, 0.9783376259302835, 0.38531657613923403, 0.7338447804338717, 0.1221863658231157, 0.5921244912607467, 0.9583135429724935, 0.47308568189375627, 0.8934195986417591, 0.8669758061235905, 0.5339612641466035, 1.000001, 0.18619183842913714, 0.24493457248943207, 0.8769028927734577, 0.3368135508514003], [0.9801560264261115, 0.893420721050295, 0.036838845729408404, 0.0658433672191745, 0.8835096684938563, 0.2604322573470189, 0.9022249064354417, 0.5777977308092154, 0.9753731823196056, 0.01693796667477948, 0.10862212984671155, 0.0094079890771169, 0.0698931591549574, 0.42958445735211576, 0.7740815375887443, 0.18619183842913714, 1.000001, 0.002139206956569905, 0.4139060084909757, 0.00421925221487594], [0.004220627130494976, 0.010064447099418228, 0.644087108732021, 0.5015528832684906, 0.0003313317404112802, 0.17531299716208634, 0.009386597825520392, 0.04830021580708948, 0.0009694493837312262, 0.8058981090108295, 0.3754995703641381, 0.9014970034684101, 0.48468819488064024, 0.08684591428816452, 0.020307044158237298, 0.24493457248943207, 0.002139206956569905, 1.000001, 0.09325532314908556, 0.9782056140366132], [0.528808779110826, 0.6937187404728146, 0.46234979664758113, 0.6034310160076721, 0.18916247121806654, 0.9523781237121621, 0.6797781038824328, 0.9584935395616392, 0.30188858177724087, 0.3104561654359968, 0.7383711620356034, 0.22489905287273487, 0.6177314156006163, 0.9954691120511546, 0.8283420369126577, 0.8769028927734577, 0.4139060084909757, 0.09325532314908556, 1.000001, 0.14093834633032024], [0.00799164791122232, 0.018088364423454732, 0.7618389195611758, 0.6218710635502982, 0.0007217975355068673, 0.2491067947989128, 0.01696099659945029, 0.07757303732054126, 0.002003181139690027, 0.9028153750318271, 0.4856865222442082, 0.9687142707057372, 0.60589879421832, 0.13281466355585567, 0.034712328774256354, 0.3368135508514003, 0.00421925221487594, 0.9782056140366132, 0.14093834633032024, 1.000001]], "covariance_matrix_inverse": [[86707.03430610165, -121938.79221340753, 3400.42184953213, -9754.174468464553, 1589.0430340614705, -21666.945583611443, 87182.41141462854, 47911.765882131745, 12581.49053920966, -5173.649448527093, 7672.607524708794, 3055.076618021333, 2778.1198796036824, -35945.530712620755, -25152.83348999865, 12624.305639266093, -67080.2831352378, -964.3838056235712, 21187.05886827786, 1100.7843008977954], [-121938.79221265849, 191977.51828291008, -7163.147875897317, 26612.852033529103, -3169.532720058937, 59352.53214664121, -143833.45739377112, -73622.82413843997, -13125.407804164466, 6923.015974910153, -25271.03859818329, -4628.894872155483, -3163.855149018519, 61173.654041433074, 43301.94230766779, -30316.69809041455, 89524.01939710724, 1669.5155602955103, -52700.86643244571, -1771.922878422356], [3400.421850959431, -7163.147878281245, 29587.15733827879, 5642.877334619551, 130.6443051180776, 10934.938782981746, 3233.1405040696936, 33837.183865840394, -670.0263814559264, -1931.209730391775, -18279.568224434395, -15854.790921023956, -27314.18296470432, -39602.34143795856, -7268.680659041517, 26159.339627991118, -134.26610974019644, -2817.285652031214, -2981.1732251884678, 11058.119100651878], [-9754.174467103696, 26612.852031513376, 5642.877335370304, 38908.182920128165, -423.57037832855076, 53709.68334579321, -23787.633741986334, -292.4679348439412, 504.36909430436896, -3931.7449527928366, -41984.12256959067, -7451.263186071418, -11683.451644439925, 1632.538810368674, 8110.729322435212, -12236.839532604914, 5208.417622195225, -1025.517268445787, -33529.79333261005, 5715.6117497279565], [1589.0430340025325, -3169.5327199815856, 130.6443050750249, -423.57037834247507, 256.3885313681123, -1773.0321467832096, 3070.0018516620203, 712.3407903901253, -341.4974935746167, 79.5141239645459, 627.116418820969, -98.70363779405058, -173.5237073399919, -843.0656414106206, -1158.387418244443, 730.797650741901, -961.1686241431014, -9.585786641762136, 1719.157302612749, 44.91464715269556], [-21666.945580667794, 59352.53214220126, 10934.938784371281, 53709.68334549303, -1773.0321467456388, 102595.67724420752, -57663.11075811895, 7082.995410089298, 2460.9759498363333, -7441.082210332233, -67572.81059758726, -8369.632973172598, -14481.148965940218, -1215.0728153830412, 18897.725743229013, -22199.336633842802, 12539.859920906725, -1200.109978183582, -70865.41797994966, 6746.19532624692], [87182.41141337293, -143833.45739260595, 3233.140502227841, -23787.63374315385, 3070.001851700939, -57663.11076084787, 113049.3761383744, 44743.80949675985, 7415.77365584116, -3892.80112326583, 26081.870231985045, 3713.9581278579176, 4097.573695964818, -38424.35425041082, -33829.38784146563, 22931.97752151553, -63627.90194489387, -1066.3114670538762, 49971.484422793124, 782.3853051843547], [47911.76588559357, -73622.82414483742, 33837.18386482368, -292.4679380093505, 712.3407905349018, 7082.9954040718185, 44743.8095022176, 109363.49572335176, 3017.0620676888007, -1643.2237169147293, -18736.620484667957, -12867.592392201583, -35610.61274802522, -106759.05157287828, -31927.79633109484, 52570.42783962128, -27392.12304113452, -2181.9978639784354, 3468.2758832874224, 8305.996008952583], [12581.490539285389, -13125.407804346567, -670.0263815704277, 504.3690942070825, -341.49749356780706, 2460.975949610859, 7415.773656028321, 3017.0620674692027, 3920.4997134711066, -1154.7314678751213, -975.3881342387729, 989.6363506528661, 1866.8483549460589, -301.22040213483933, -328.61544937278865, -2039.589685751713, -11611.926483335621, -87.32448885986163, -2051.9624906564454, -58.3681238947024], [-5173.649448637072, 6923.015975151405, -1931.2097304396534, -3931.7449526898336, 79.5141239592173, -7441.082210164987, -3892.801123449751, -1643.223717154387, -1154.7314678645062, 9266.838373673058, 6964.733655188716, -4275.129600749509, -5092.493262168502, -635.5539271634557, -250.49528873856255, 5050.653752063454, 4101.693075525401, 1704.976236601239, 3831.081557714095, -2473.291924702742], [7672.607522382232, -25271.03859454429, -18279.568225247007, -41984.12256907644, 627.1164187794184, -67572.81059697777, 26081.87022958601, -18736.620488699533, -975.3881344071956, 6964.73365527151, 53785.40274918575, 11793.885308948455, 21005.461902751507, 17963.952331052642, -6125.191005860345, 3379.6604868786726, -4628.4002742155535, 2170.048873708559, 41808.501494558026, -9593.99006462852], [3055.0766173100596, -4628.894871066283, -15854.79092113426, -7451.263185898934, -98.70363780921113, -8369.63297287706, 3713.9581270901913, -12867.592393008443, 989.6363505836471, -4275.1296007481205, 11793.885308837258, 14105.668373170918, 19506.86541761984, 17280.948144764567, 2168.35150713663, -13666.381983996816, -3054.7610799697813, 1028.9016605643415, 3431.8579941434214, -6806.6554014607855], [2778.119877866877, -3163.855146189042, -27314.18296477387, -11683.45164363442, -173.52370738676052, -14481.148964492611, 4097.573693833103, -35610.612749472966, 1866.8483547954193, -5092.493262208394, 21005.461901935025, 19506.865417512072, 34554.694095097315, 43200.67511391952, 7154.295662611031, -29502.953413470936, -4743.437576342182, 1433.940640985216, 5421.198046673521, -9227.168276252014], [-35945.53071604455, 61173.654047675045, -39602.341437037816, 1632.5388133807546, -843.0656415492012, -1215.0728096581563, -38424.35425570119, -106759.0515730313, -301.22040236781237, -635.5539274079487, 17963.95232723555, 17280.94814402863, 43200.67511260535, 110058.41715398028, 31590.3077437151, -60625.36817784855, 17656.715778674257, 2385.4492073160127, -8575.996067578844, -9987.017141400378], [-25152.833490320616, 43301.94230853678, -7268.680658375703, 8110.729323339434, -1158.387418280221, 18897.72574507688, -33829.387842467535, -31927.79632964221, -328.6154493745841, -250.49528884515564, -6125.19100725174, 2168.351506798341, 7154.295661795411, 31590.307742283163, 16576.697360490416, -18785.48799124232, 15661.507640792648, 505.96289919525583, -17683.715808481018, -1490.8378388254316], [12624.305640553619, -30316.69809281035, 26159.339627361205, -12236.839533951872, 730.7976508023663, -22199.336636516888, 22931.97752368001, 52570.42783882144, -2039.5896856473346, 5050.653752217792, 3379.6604887429176, -13666.381983629724, -29502.953412661125, -60625.36817700852, -18785.487991654107, 44478.3216135185, -3735.8071559926393, -1242.3364758255445, 20217.147199673247, 6212.720216947424], [-67080.28313506924, 89524.01939733209, -134.26610874308255, 5208.417622967598, -961.1686241788273, 12539.859922654201, -63627.90194552716, -27392.12303860703, -11611.926483270458, 4101.693075479947, -4628.400275641334, -3054.761080457124, -4743.437577549516, 17656.71577616699, 15661.507640471325, -3735.807154966794, 54547.45518604851, 592.8107362489516, -12547.684594984874, -409.5868893113261], [-964.3838057079693, 1669.5155604417325, -2817.285652039447, -1025.5172684030367, -9.585786644652664, -1200.1099781032126, -1066.3114671663466, -2181.997864059784, -87.32448886427422, 1704.976236597777, 2170.0488736657844, 1028.90166056209, 1433.9406409913431, 2385.4492073934007, 505.96289924088757, -1242.3364758754988, 592.8107363044115, 774.9651863047778, 260.999128127889, -1924.033393829511], [21187.0588664071, -52700.8664297211, -2981.17322624984, -33529.79333261538, 1719.1573025966202, -70865.41798035904, 49971.48442122229, 3468.2758790406924, -2051.9624908105247, 3831.0815578483857, 41808.50149526638, 3431.857994416272, 5421.198047802666, -8575.996063528695, -17683.715807276174, 20217.14719783617, -12547.684593894302, 260.99912819181355, 52264.62731372358, -2553.1260794445525], [1100.7843013183478, -1771.9228790988752, 11058.119100724596, 5715.611749594627, 44.91464716345063, 6746.19532601309, 782.3853056717367, 8305.996009455605, -58.368123863003454, -2473.2919247002174, -9593.990064529986, -6806.655401461492, -9227.168276321861, -9987.01714186929, -1490.837839045241, 6212.720217197405, -409.5868895889557, -1924.0333938315418, -2553.126079238637, 6313.67696659689]], "optimal_y_mu": [[-4.300091085922593], [-4.2503761111968155], [-3.1407816509975275], [-3.4160515271517244], [-4.395814075874754], [-3.896501355996513], [-4.25454034644272], [-4.114852147768632], [-4.361075469875599], [-2.640703911068471], [-3.6136486486880397], [-2.08625670563914], [-3.440804056537577], [-4.03452735017959], [-4.200111690640179], [-3.794441693959066], [-4.331094843459705], [1.2256897669512972], [-4.025342772515201], [-0.8548676274112648]], "training_R2": 0.9999993513195787, "training_rmse": 0.0011055572650827588}, "map": {"x_data_columns": "list", "x_data": "numpy", "x_data_min": "numpy", "x_data_max": "numpy", "x_data_scaled": "numpy", "optimal_weights": "numpy", "optimal_p": "str", "optimal_mean": "numpy", "optimal_variance": "numpy", "regularization_parameter": "str", "optimal_covariance_matrix": "numpy", "covariance_matrix_inverse": "numpy", "optimal_y_mu": "numpy", "training_R2": "str", "training_rmse": "str"}}, " S_fa": {"attr": {"x_data_columns": ["inf_fr", "temp", "hrt"], "x_data": [[9.62, 24.21, 9.97], [7.6, 29.05, 9.24], [9.06, 27.98, 3.67], [6.71, 27.84, 4.3], [5.36, 27.03, 11.82], [7.09, 24.66, 6.14], [6.31, 30.7, 9.3], [5.55, 31.95, 7.72], [7.79, 31.75, 11.08], [9.87, 32.81, 2.91], [6.06, 22.9, 4.9], [8.25, 29.43, 2.38], [9.41, 33.07, 4.37], [5.94, 34.29, 7.05], [5.16, 25.28, 8.6], [6.99, 34.67, 5.63], [8.78, 26.17, 10.5], [8.25, 22.25, 1.18], [7.34, 23.58, 6.97], [8.52, 30.11, 1.71]], "x_data_min": [[5.16, 22.25, 1.18]], "x_data_max": [[9.87, 34.67, 11.82]], "x_data_scaled": [[0.9469214437367304, 0.15780998389694045, 0.8261278195488723], [0.5180467091295117, 0.5475040257648953, 0.7575187969924813], [0.8280254777070066, 0.4613526570048309, 0.23402255639097744], [0.3290870488322718, 0.45008051529790655, 0.2932330827067669], [0.04246284501061576, 0.3848631239935588, 1.0], [0.40976645435244163, 0.1940418679549114, 0.46616541353383456], [0.24416135881104029, 0.6803542673107889, 0.7631578947368421], [0.08280254777070059, 0.7809983896940417, 0.6146616541353384], [0.5583864118895967, 0.7648953301127213, 0.9304511278195489], [1.0, 0.8502415458937199, 0.162593984962406], [0.19108280254777063, 0.052334943639291344, 0.349624060150376], [0.6560509554140128, 0.5780998389694041, 0.11278195488721804], [0.902335456475584, 0.8711755233494363, 0.299812030075188], [0.16560509554140135, 0.9694041867954909, 0.5516917293233082], [0.0, 0.2439613526570049, 0.6973684210526315], [0.38853503184713384, 1.0, 0.4182330827067669], [0.7685774946921443, 0.3156199677938809, 0.8759398496240601], [0.6560509554140128, 0.0, 0.0], [0.46284501061571126, 0.10708534621578085, 0.5441729323308271], [0.713375796178344, 0.6328502415458935, 0.04981203007518797]], "optimal_weights": [0.001, 0.008198079905471424, 8.85050149313026], "optimal_p": 2, "optimal_mean": [[56.301748583875835]], "optimal_variance": [[2485.2917322612734]], "regularization_parameter": 1e-06, "optimal_covariance_matrix": [[1.000001, 0.9578252120685512, 0.04488